num_shells=7
num_orbits=[72, 72, 36, 6, 28, 28, 28]
num_sats_per_orbit=[22, 22, 20, 58, 120, 120, 120]
max_gsl_length_m=[1250826.6189530403, 1230109.2078606596, 1292102.98798909, 1271490.9514747923, 1209337.9176115722, 1198931.8125517138, 1219730.3483868344]
max_isl_length_m=[5016591.233098428, 4961082.220645008, 5126040.3041724125, 5071571.5907398965, 4905026.605432431, 4876787.938797421, 4933123.898707593]
