num_shells=13
num_orbits=[72, 72, 36, 6, 28, 28, 28, 48, 48, 48, 30, 12, 18]
num_sats_per_orbit=[22, 22, 20, 58, 120, 120, 120, 110, 110, 110, 120, 12, 18]
max_gsl_length_m=[1250826.6189530403, 1230109.2078606596, 1292102.98798909, 1271490.9514747923, 1209337.9176115722, 1198931.8125517138, 1219730.3483868344, 803227.8229678354, 814225.0723022158, 825203.7974593694, 847106.328876896, 1361802.9034327033, 1382193.7027005523]
max_isl_length_m=[5016591.233098428, 4961082.220645008, 5126040.3041724125, 5071571.5907398965, 4905026.605432431, 4876787.938797421, 4933123.898707593, 3701799.6704305867, 3737933.41299708, 3773747.686319264, 3844453.4592058724, 5307617.725496063, 5360016.485049277]
